0.0105563063754
29.1023016583
41.9576329671
42.1118396719
71.2451723889
42.6986216245
42.6398984979
24.2599551382
17.0993960983
69.3515507017
71.5546816906
42.9036862298
71.3222984212
70.1639756833
42.9631386805
12.8685918583
30.4050640515
30.5301080475
42.6433483279
29.1828683535
29.8488948541
30.2880005363
29.9983941567
42.2096408531
42.3112936769
41.7648007395
42.4818074742
10.5608677032
43.1990644482
60.6736255707
41.9442770438
68.8173110501
42.3418850685
12.7382793661
30.4191022873
42.2130214106
70.4358927346
42.6986216245
43.0966300354
42.598544034
40.3793599428
34.6849029569
34.390694593
34.9540278091
35.0330199623
26.6130666666
34.372752402
15.7471179628
35.2792359661
35.9040725704
49.2774668411
51.5877249029
26.3720497014
15.7334861293
52.2318685297
53.0894223744
54.3260962001
52.6492643425
52.956072072
51.8414267073
50.9987213675
35.6394472468
35.8527845271
26.5046658621
27.7406202807
37.136037859
36.1107005572
36.088448157
36.2149089826
51.6079296321
37.3756761688
11.4615705939
33.7888188559
37.2910559879
27.6605502667
12.8805421636
34.9749028091
55.7984104735
55.8279615859
56.1252034217
90.5310521011
102.763069864
59.8129579361
105.944077454
103.266415622
57.4841078998
99.6543364214
58.1756937454
56.7842905982
55.0926921013
37.4553571158
28.3417640121
14.5122879301
22.8565388262
51.1025582056
38.5342729444
55.3356205074
28.4181692636
11.7926341947
36.3623170288
36.7553546257
12.6396111591
38.1604246549
88.8073774782
58.4725743658
102.165494346
55.5338515786
109.738035672
114.755450758
111.220043328
61.0319343832
107.499854239
59.8945210606
57.9900743022
58.4466384268
29.6457497797
19.9143002733
17.1723775888
39.2195688171
39.1729309055
54.2813373154
61.8121010124
60.1268292645
58.4725743658
109.852393775
59.4419516559
59.1086447609
109.944052009
58.6417206645
58.4207254858
58.4207254858
39.4278714342
29.3404467453
28.9822822684
7.18404439779
10.1545474489
39.1991510734
58.5570253675
112.984305538
109.10200483
60.8838841785
116.454216821
117.8867782
116.893276854
117.335660136
113.519660851
116.351387491
111.596820947
60.5899281909
107.21557879
40.2129995676
38.8466822916
12.1543130481
29.3257544836
56.5527666666
58.6939627319
59.1351716967
58.2335416344
112.718516966
59.8061710352
112.911693516
59.415148837
110.520399525
58.4790619475
60.0104503396
58.5570253675
58.6091165721
56.9684160541
39.6891404618
56.8639319595
39.7790026666
56.680480195
39.8301054434
56.913053162
39.5551058411
57.1971552179
39.6801765665
39.4662512417
58.2850586457
56.7109732443
58.3625052965
58.4531202543
39.8030346876
108.989202922
58.5830593901
58.5570253675
58.4790619475
60.2367754666
58.4531202543
58.5310144734
109.829503091
58.5310144734
58.5310144734
58.7725005947
59.8401209506
58.6417206645
58.6417206645
58.2013897232
57.4590412442
58.505026677
39.7160564639
58.5310144734
58.5830593901
57.9645645368
57.4089734596
58.336666888
58.6091165721
58.2592887513
58.6417206645
60.1542781708
58.4725743658
110.243000488
58.3108513478
59.5023465041
59.7248481964
58.6417206645
109.829503091
54.9261968875
59.1351716967
59.5292280701
58.3625052965
58.6156344899
109.555557126
58.6091165721
59.1683638676
59.1882970615
58.6417206645
109.169798122
59.3616156474
59.4956299055
107.041386136
59.7248481964
58.752846431
59.8401209506
107.39033931
59.8129579361
59.5561339359
59.415148837
105.604445068
58.9961702858
60.0994053971
58.1500204471
110.12782811
58.6678300682
59.5023465041
107.67554348
59.3015060006
59.1086447609
58.9433891001
106.759527108
59.7248481964
58.4790619475
60.2092512375
57.6980607918
58.779054905
111.102821529
59.5292280701
59.5292280701
58.746297964
109.169798122
60.3333087606
58.4207254858
109.829503091
59.9831325063
110.822494813
59.9558395328
106.759527108
60.3540347341
59.3348852114
107.67554348
59.8673086475
105.965377027
60.1268292645
59.4419516559
106.414654822
60.2367754666
59.3616156474
109.852393775
59.6640010565
59.5292280701
110.427778197
59.5830641344
58.9433891001
107.128411653
59.2748296596
60.188624567
58.4725743658
58.3948355122
107.128411653
59.3883701784
58.5310144734
58.6939627319
57.3777253792
39.7790026666
58.5570253675
110.035863326
58.6939627319
58.7266613184
59.4956299055
59.5561339359
58.752846431
58.2528498379
106.954501894
59.5292280701
60.1817521504
58.505026677
110.706109081
58.9433891001
59.415148837
110.613176355
59.3348852114
59.5023465041
107.587627135
59.3549307807
59.0292065554
59.415148837
58.4725743658
58.1756937454
58.779054905
58.4725743658
58.8907022718
58.8841230402
103.004062015
58.7201186868
58.343124345
58.3625052965
58.343124345
58.4985333333
60.1268292645
58.3948355122
58.2850586457
58.6156344899
109.260320343
58.6678300682
58.3689684754
60.1268292645
58.4466384268
58.0987417695
58.7201186868
58.910448791
58.8052867715
55.3123922062
58.2850586457
58.336666888
58.3689684754
58.5570253675
110.12782811
58.343124345
58.3948355122
58.6613005379
58.6156344899
58.0156065309
58.6091165721
58.5570253675
58.2335416344
58.6417206645
58.2271084106
58.5570253675
58.7266613184
58.7987266101
55.5046109239
61.7252354295
58.2271084106
58.5635317037
58.5245153601
58.1243697985
58.3173030906
58.5245153601
58.5570253675
58.6156344899
58.2592887513
57.4841078998
39.8813396892
58.4207254858
55.6041550093
58.7201186868
58.5570253675
40.0084852993
57.5908856351
57.2468540603
39.754999648
58.5570253675
56.70487201
58.505026677
39.8301054434
58.3689684754
58.336666888
58.0987417695
57.4590412442
58.3108513478
39.854199269
58.4790619475
56.9622593032
58.779054905
39.929680707
57.6728072363
57.4089734596
39.7280308535
57.9900743022
57.3028685946
39.7669975353
56.8087718617
39.8421487137
57.9645645368
57.3028685946
39.8301054434
57.9327088737
57.4089734596
40.0084852993
58.2013897232
57.5908856351
39.6562926291
57.9072495422
56.6317594642
39.3307801905
58.8578208077
57.2219938479
58.3689684754
39.7040892906
58.3689684754
58.1756937454
58.6091165721
58.6678300682
58.2592887513
58.779054905
107.39033931
59.5561339359
58.7266613184
55.0869340858
59.6977897081
58.505026677
58.5310144734
58.5310144734
57.9072495422
57.3527513964
58.3948355122
39.8180694518
58.1243697985
58.4725743658
57.0671053847
58.6417206645
57.9645645368
39.854199269
58.779054905
58.7725005947
58.8052867715
58.5830593901
57.56572579
58.9961702858
58.3689684754
58.9961702858
57.5405879184
57.7992965602
59.5898004899
57.4841078998
58.0411612524
58.5310144734
58.5830593901
58.5570253675
58.4790619475
57.5343068806
39.9054955582
58.6678300682
58.8578208077
58.6417206645
57.0177180152
58.3625052965
58.505026677
58.4207254858
58.3689684754
58.3948355122
58.4725743658
58.6939627319
57.9900743022
58.7201186868
58.4466384268
58.5310144734
60.1268292645
58.0411612524
58.7266613184
58.7987266101
110.243000488
58.8841230402
59.3883701784
59.4754892048
58.6351969444
58.5570253675
107.128411653
59.3883701784
58.505026677
60.0651607217
58.3689684754
58.6091165721
110.035863326
58.505026677
59.2481773081
59.4687786678
58.3948355122
107.412224441
59.6437462185
58.6613005379
60.5899281909
58.7266613184
107.940156734
59.1683638676
59.2148955548
59.3616156474
58.6417206645
110.613176355
58.3948355122
59.2148955548
105.078107124
59.5023465041
60.0925533386
58.0731363302
107.128411653
59.5023465041
59.0755195397
59.415148837
58.2078172648
110.520399525
59.5830641344
59.6167611506
58.5830593901
110.035863326
56.0476164752
59.1949444444
106.932802867
59.5898004899
60.0651607217
58.505026677
109.169798122
59.2748296596
59.5023465041
58.3108513478
110.520399525
59.0556622222
59.2148955548
58.4531202543
110.219946745
58.5310144734
59.0556622222
59.6977897081
58.6351969444
58.8052867715
107.499854239
58.4207254858
59.1086447609
58.336666888
58.3689684754
59.1882970615
59.3616156474
58.4466384268
58.343124345
110.12782811
58.5570253675
58.779054905
59.5561339359
58.4985333333
109.669535026
58.7201186868
59.6977897081
107.302887894
58.8052867715
60.4995162228
58.5895715132
110.312219618
59.8129579361
58.2592887513
110.335311981
59.3282063635
59.415148837
108.899129201
59.2748296596
59.3883701784
58.505026677
110.035863326
58.2592887513
58.5830593901
58.6091165721
58.505026677
58.4207254858
58.2850586457
58.779054905
58.8249760416
58.752846431
60.5342581065
57.7992965602
58.5570253675
109.944052009
58.4466384268
60.2436604564
58.3108513478
110.427778197
59.1351716967
59.3883701784
110.12782811
57.9900743022
59.5023465041
110.12782811
60.3333087606
58.4725743658
106.846094736
59.3348852114
60.4162981812
58.4725743658
111.220043328
58.910448791
58.505026677
60.1542781708
58.4725743658
58.505026677
107.302887894
59.0556622222
58.5830593901
58.5830593901
58.6678300682
59.1086447609
59.1949444444
58.5570253675
58.4466384268
58.5570253675
107.587627135
59.0821416134
58.7201186868
58.8052867715
58.5830593901
58.8052867715
58.910448791
58.5310144734
58.505026677
58.6613005379
58.3689684754
58.4207254858
58.5310144734
58.3948355122
58.2850586457
57.9327088737
58.0219931014
58.3883666038
58.4272015667
58.5830593901
58.1243697985
58.9697678824
58.6613005379
58.5570253675
55.1445684592
58.336666888
58.4790619475
58.2271084106
58.505026677
58.2850586457
58.5310144734
58.5570253675
58.2850586457
58.4725743658
58.343124345
58.5570253675
58.4985333333
58.4531202543
58.2271084106
58.8052867715
58.752846431
58.6939627319
58.5830593901
58.3108513478
58.5570253675
57.5091964357
58.8907022718
57.4089734596
58.3883666038
58.4207254858
58.4790619475
58.6351969444
39.6562926291
58.4207254858
58.5830593901
58.4466384268
57.4590412442
58.0475534508
57.6664973012
58.7201186868
58.5895715132
39.8421487137
58.2592887513
58.4466384268
56.913053162
58.0156065309
58.4466384268
58.505026677
39.7669975353
58.0156065309
58.4790619475
58.6091165721
58.5830593901
58.6156344899
58.0156065309
57.1165783846
58.7201186868
58.752846431
39.7400124657
58.6156344899
58.4466384268
58.0411612524
57.4339964403
58.4790619475
39.6652457355
58.6156344899
57.0424010101
58.4207254858
39.6413797633
58.3883666038
57.913612277
56.7842905982
58.7201186868
40.0723626042
58.5830593901
56.6074304943
58.7725005947
39.754999648
58.6091165721
58.6156344899
56.6013515177
58.2335416344
58.2850586457
39.7669975353
58.2335416344
58.4466384268
58.4790619475
57.9072495422
57.0177180152
58.6613005379
58.7266613184
58.9697678824
58.5830593901
54.8518873278
60.0925533386
58.4531202543
58.6091165721
58.4207254858
58.2335416344
110.035863326
58.7201186868
58.4790619475
58.4985333333
58.4207254858
39.7790026666
58.3948355122
58.5830593901
58.2078172648
58.6091165721
57.0980159607
58.7725005947
58.9433891001
57.0177180152
58.0156065309
39.754999648
58.4466384268
58.0156065309
58.4466384268
58.4531202543
58.6351969444
58.0475534508
58.5245153601
58.5310144734
58.3948355122
58.4790619475
57.5908856351
58.6351969444
58.779054905
58.8578208077
58.5310144734
58.0667384965
58.2335416344
58.6678300682
58.4207254858
58.0411612524
58.6156344899
106.479148552
58.6417206645
59.4956299055
58.1243697985
58.4207254858
58.343124345
58.5570253675
59.9831325063
58.3948355122
58.8578208077
58.4466384268
58.779054905
58.6678300682
57.9581906018
58.6156344899
58.2013897232
58.4207254858
58.2078172648
107.21557879
40.3021704644
58.343124345
58.5245153601
58.5570253675
58.4531202543
58.4725743658
58.3689684754
58.4725743658
58.5570253675
107.412224441
58.8841230402
59.6167611506
58.7201186868
58.5310144734
58.3625052965
59.9285713852
58.5310144734
57.1475425927
107.128411653
59.6369976616
58.505026677
59.1617224529
59.5023465041
58.4466384268
58.4466384268
58.505026677
107.302887894
59.3616156474
58.505026677
58.7201186868
59.4419516559
59.6977897081
55.2833842388
58.5310144734
109.852393775
58.6417206645
59.0490460826
59.5561339359
58.0987417695
106.673099642
59.6100186986
58.1500204471
59.4754892048
58.9433891001
58.4725743658
58.5830593901
106.954501894
59.6707557266
58.0156065309
60.4162981812
58.7201186868
58.9697678824
107.587627135
55.9999771922
59.1351716967
59.3616156474
58.4207254858
106.307338712
59.3015060006
60.0720065344
58.2592887513
58.6351969444
110.243000488
58.2592887513
60.2987970865
58.4466384268
107.499854239
59.5292280701
57.8818125777
58.7201186868
60.4440120795
58.5310144734
58.6939627319
100.932934763
61.9647055411
58.2335416344
59.1882970615
58.6156344899
59.1882970615
58.6417206645
58.2592887513
58.5245153601
58.6417206645
58.2850586457
58.5310144734
58.2592887513
57.0918311669
57.4590412442
58.6417206645
58.7201186868
57.8310056323
40.4196154396
105.498756071
59.5023465041
58.336666888
59.9831325063
58.505026677
106.39317427
59.4754892048
60.1817521504
58.505026677
109.852393775
58.4985333333
60.1542781708
58.5830593901
58.3948355122
110.636394906
58.6613005379
58.0475534508
59.3015060006
59.6100186986
58.752846431
58.4985333333
58.4790619475
106.846094736
59.415148837
58.6678300682
58.2592887513
59.2481773081
59.415148837
58.505026677
58.6091165721
58.4790619475
106.932802867
59.5023465041
58.5310144734
59.0490460826
59.3616156474
58.8841230402
107.237392743
59.8673086475
58.4985333333
59.1949444444
59.6369976616
58.3948355122
58.505026677
58.6678300682
58.7201186868
58.505026677
106.932802867
59.6977897081
58.5310144734
58.1756937454
58.4531202543
58.2850586457
59.3015060006
58.505026677
59.1882970615
58.8315420619
58.4466384268
58.5570253675
111.220043328
54.9720260047
58.1756937454
58.5310144734
59.7248481964
59.0490460826
58.3173030906
58.6091165721
58.5570253675
58.6156344899
58.2528498379
58.5570253675
58.5895715132
58.4207254858
58.6613005379
58.3173030906
58.2271084106
59.1086447609
57.2282068765
58.7725005947
58.1500204471
58.6156344899
58.3625052965
59.2481773081
58.2850586457
59.6707557266
58.4790619475
58.4466384268
58.4725743658
109.669535026
58.4207254858
58.5310144734
58.4466384268
58.6091165721
60.2712161616
58.8578208077
58.6939627319
58.8052867715
58.779054905
58.2528498379
58.6417206645
58.5310144734
107.041386136
59.5830641344
58.0411612524
58.4790619475
58.3108513478
59.3015060006
58.1500204471
58.2850586457
58.5635317037
58.5245153601
58.505026677
58.2592887513
58.746297964
58.0731363302
58.3108513478
58.6091165721
57.9645645368
58.3689684754
58.2850586457
58.6417206645
58.0667384965
58.1756937454
110.15084333
58.5570253675
58.3108513478
57.56572579
59.0225963419
58.5310144734
58.3689684754
58.5830593901
58.1756937454
58.8907022718
58.5830593901
60.1817521504
58.8052867715
58.4207254858
58.4985333333
58.4272015667
58.6091165721
57.3277991443
59.5292280701
109.373684443
58.7725005947
58.4466384268
58.4531202543
58.3108513478
58.2013897232
58.4790619475
58.3948355122
58.0923382931
58.7266613184
58.5245153601
58.6939627319
58.8907022718
38.1493764717
58.4466384268
57.8056355926
57.3277991443
58.4725743658
39.7940192777
58.4985333333
57.913612277
58.1756937454
58.4725743658
58.3948355122
58.505026677
58.6091165721
109.555557126
58.8907022718
58.6939627319
58.6091165721
58.6678300682
58.3108513478
58.5570253675
58.1500204471
58.6156344899
58.3948355122
39.6533091584
58.3108513478
58.5310144734
57.8310056323
57.1413470656
58.3948355122
58.3948355122
58.752846431
57.2468540603
58.9433891001
58.746297964
58.8578208077
58.5895715132
58.2528498379
58.3689684754
58.4207254858
39.806040732
58.0923382931
58.6417206645
58.505026677
58.4207254858
56.8577977705
58.2592887513
58.3689684754
58.4725743658
58.4790619475
58.3948355122
58.5830593901
58.5830593901
58.779054905
58.7725005947
17.2262569969
108.42867421
138.375370263
171.238396794
85.7166669919
60.2092512375
58.2335416344
58.3689684754
55.7217237903
57.9645645368
57.9645645368
58.7725005947
58.5310144734
59.5561339359
59.0821416134
58.3948355122
58.8052867715
58.6351969444
55.3356205074
106.846094736
58.6678300682
58.4790619475
59.4419516559
57.1165783846
59.6707557266
58.343124345
58.6351969444
58.5310144734
57.9390772049
58.5570253675
39.8662571162
58.5310144734
57.9900743022
58.779054905
58.3625052965
57.5405879184
58.6939627319
54.9204736202
58.4207254858
58.3948355122
58.4790619475
58.5570253675
59.0225963419
59.5561339359
58.505026677
58.6678300682
58.3883666038
106.586811999
59.6707557266
58.4790619475
58.2850586457
57.9900743022
58.8578208077
60.2712161616
58.7725005947
58.6939627319
58.3948355122
58.5830593901
58.4207254858
58.5570253675
58.6678300682
58.2335416344
58.4725743658
58.4207254858
110.427778197
58.779054905
57.9900743022
58.4725743658
60.1542781708
58.4207254858
57.0980159607
58.7987266101
107.499854239
59.8129579361
58.6417206645
58.7201186868
58.6091165721
59.5023465041
58.3948355122
58.5570253675
58.1243697985
107.67554348
59.3282063635
58.2335416344
58.5570253675
58.2592887513
60.2092512375
58.6417206645
58.6417206645
58.4207254858
57.9645645368
107.67554348
59.6707557266
58.7987266101
58.779054905
58.2592887513
60.2092512375
58.4207254858
58.2335416344
109.944052009
58.1243697985
58.4207254858
60.0377930667
58.6156344899
58.2850586457
58.336666888
58.5570253675
110.520399525
58.6156344899
58.4466384268
58.2592887513
60.0104503396
58.1500204471
59.2215489138
58.8315420619
58.3948355122
58.5570253675
58.5570253675
58.5245153601
57.5908856351
58.4531202543
58.6678300682
58.4725743658
58.5570253675
58.2592887513
58.5830593901
58.3948355122
106.954501894
59.5830641344
57.9645645368
59.3549307807
59.6167611506
58.7987266101
58.6939627319
94.711911111
59.8061710352
58.2592887513
58.505026677
59.1617224529
59.4754892048
58.4725743658
58.4725743658
58.6678300682
58.4207254858
107.128411653
59.4754892048
58.2335416344
58.5245153601
59.0821416134
59.1949444444
58.746297964
58.746297964
58.6939627319
55.6569995072
122.12043219
58.7987266101
58.343124345
58.5310144734
59.415148837
59.3549307807
58.505026677
58.4466384268
58.505026677
58.2592887513
110.219946745
58.6156344899
58.5570253675
58.7201186868
57.2219938479
58.6156344899
58.7725005947
58.6417206645
60.4995162228
58.3948355122
58.5310144734
58.5310144734
58.4725743658
58.4531202543
109.260320343
58.779054905
58.4207254858
58.5830593901
59.9831325063
58.2335416344
58.4985333333
58.6156344899
58.5570253675
58.3883666038
58.5895715132
58.6351969444
58.8578208077
58.6417206645
58.5310144734
58.4466384268
58.5310144734
58.5310144734
58.6678300682
57.7233364728
57.2966393448
58.3948355122
58.6156344899
57.4339964403
59.5561339359
58.3948355122
58.4985333333
58.6939627319
58.0411612524
58.8907022718
58.746297964
60.3609465567
58.8315420619
58.4725743658
58.505026677
58.4207254858
109.829503091
58.6939627319
58.752846431
58.3948355122
58.4985333333
60.0104503396
58.5310144734
58.4531202543
58.5570253675
58.336666888
58.4466384268
58.1500204471
58.6678300682
58.7201186868
58.6939627319
58.6156344899
55.5280009832
58.3948355122
110.219946745
58.8315420619
58.0475534508
58.0923382931
58.6678300682
58.505026677
59.1086447609
59.3883701784
58.4207254858
58.6091165721
58.4207254858
58.5310144734
58.4725743658
110.636394906
58.9367980916
58.4531202543
58.6613005379
58.9170339071
58.343124345
58.4466384268
58.4466384268
58.4466384268
58.2335416344
58.6091165721
58.3948355122
58.5830593901
58.4790619475
59.1086447609
58.5570253675
59.3282063635
58.505026677
57.4339964403
59.7248481964
58.746297964
58.752846431
58.5830593901
110.427778197
58.1243697985
58.5570253675
58.3625052965
58.4790619475
57.8310056323
58.6351969444
58.4790619475
58.4985333333
58.4790619475
57.6160674828
58.4466384268
58.4466384268
58.8643941627
39.6771895011
58.6417206645
58.7201186868
58.6678300682
57.1723381422
58.4466384268
58.3108513478
58.4790619475
58.5570253675
58.3625052965
58.5895715132
58.4466384268
58.0667384965
59.1086447609
58.2850586457
59.415148837
58.1243697985
58.5570253675
58.6417206645
58.4725743658
58.8052867715
58.8907022718
58.5570253675
58.0411612524
58.5310144734
58.5830593901
57.9390772049
58.5830593901
57.9645645368
57.6412713619
58.5570253675
59.5023465041
58.5570253675
58.7725005947
58.505026677
58.6091165721
58.6417206645
57.9072495422
58.779054905
58.6351969444
110.729366667
58.8841230402
55.4112474067
61.7180076502
58.4725743658
58.3173030906
58.3625052965
58.2850586457
58.2850586457
59.7316166515
58.4985333333
58.9961702858
58.6417206645
58.4466384268
57.56572579
59.4754892048
57.6664973012
58.8052867715
58.8841230402
58.2078172648
58.5310144734
58.0923382931
58.343124345
58.5310144734
58.4985333333
58.505026677
58.2335416344
58.4466384268
58.746297964
107.21557879
58.5895715132
40.1211681002
58.4207254858
58.752846431
58.4207254858
58.2592887513
58.8578208077
58.4985333333
58.8315420619
58.8315420619
58.0987417695
58.5570253675
58.2335416344
58.2850586457
56.6317594642
58.6351969444
58.6156344899
58.5830593901
58.4725743658
58.6156344899
58.3948355122
58.5245153601
58.505026677
58.9697678824
59.6100186986
58.6417206645
58.6678300682
108.139471755
59.2748296596
58.5570253675
58.3689684754
58.6351969444
60.1268292645
56.9930563725
58.6678300682
58.2013897232
58.4790619475
58.0923382931
107.962266557
58.4207254858
58.3689684754
58.4985333333
58.4531202543
59.0490460826
59.6977897081
58.7201186868
58.7266613184
58.4985333333
56.8884819571
58.2850586457
58.5310144734
58.505026677
58.4207254858
109.46454524
58.746297964
58.3689684754
58.6351969444
58.8052867715
58.1243697985
59.3883701784
59.3015060006
58.5570253675
58.2335416344
58.4466384268
58.8841230402
58.9170339071
110.822494813
55.5046109239
61.7180076502
58.3108513478
58.4790619475
58.6351969444
59.9285713852
58.5310144734
58.3948355122
58.3883666038
58.6156344899
105.858964718
59.5292280701
58.4466384268
59.2481773081
59.5830641344
57.4903779813
58.7201186868
58.4985333333
110.822494813
58.9170339071
58.2592887513
58.6939627319
58.4466384268
58.3948355122
59.7248481964
